-3.361621675
-5.035033225
-3.410079525
-8.472955375
-3.304350175
-7.17456405
-3.248766
3.4628108
8.9742532
-7.630849575
-10.19674718
-13.47692098
-7.03965575
-16.02839073
-13.82785235
-12.04335955
-8.2354001
-6.497646025
-2.635630275
8.555708775
19.43233167
11.01314768
13.5810962
5.723705525
6.04108725
-1.371938225
-5.718415475
-2.193633
-9.5194481
-1.753551475
-7.99714645
-4.0379207
-7.680104525
-6.7621418
-6.69462255
-10.2274639
-3.8574856
-3.4360868
5.8136888
-10.90661975
-15.82991915
-15.97965788
-13.66446752
-10.38642077
-2.0760525
2.6813693
1.827138075
-7.098064125
-8.3115533
-11.3946805
4.405098
4.219195875
5.2203322
-0.0834401247
6.2949479
5.89883885
-7.245984825
-10.03941728
-15.81750925
-11.4540519
-4.27206325
-3.371137825
-10.90882862
-9.461811625
12.760258
5.6961358
12.42133885
17.13322253
7.772582025
20.5895493
20.86805835
17.6253364
21.21253477
14.74086428
13.10727097
13.09170017
4.598961475
-1.231018825
2.6640787
6.422501825
9.412051175
5.743635
4.50911945
-4.9525093
3.0402254
-1.167691375
3.39655175
-6.53647205
-3.203138725
-5.883885925
-5.676958075
-8.943279575
17.63424133
-4.9587714
-2.315036675
0.2214575001
-2.833351575
-0.9860415749
-7.2372067
-6.9993614
26.79535453
16.71596705
12.11702687
5.289333775
5.543225875
5.951157525
-4.43125985
2.84588215
-1.000486525
-0.3243534749
6.0536319
4.393183875
-0.6224739001
-3.011820675
1.102811
6.7928559
-4.784991075
-5.25236795
-12.59611455
-17.49943212
-17.65672868
-14.75723408
-7.6573388
3.015079075
5.023589325
0.2073986248
-1.643096
-4.519012975
-10.3836116
-7.7606422
-5.461249175
-2.265449475
-3.636569775
-1.421451125
-1.9877857
4.63142965
0.07042770018
1.908623975
2.844451375
10.8388327
1.6949694
2.2202075
-1.775704275
-5.8341505
-5.009880925
3.244866675
0.9714467498
0.3233847999
2.039213825
3.24531045
-1.137602325
-5.4649822
-9.2721958
-3.17803785
-3.654607925
4.74217665
9.17484965
5.84591645
3.150528425
6.54483515
-1.068639925
10.55321705
1.74567055
0.2201464251
0.793296775
9.74750865
11.01089143
3.0950654
-2.861859475
0.4533453247
-6.5760536
3.456568775
-1.906905175
-10.3885426
-5.7511124
-3.938027275
6.0410607
6.68361305
10.63371095
2.7553245
-6.57099375
1.711626125
9.90457125
-0.5565185003
-2.535218475
-2.142592275
1.663249225
16.82547367
9.156724375
16.08676355
6.711057925
