5.983151019
2.237927719
-33.59812511
-34.85245941
-30.11090931
14.62195349
-39.43396996
16.02685584
10.67689409
15.06432224
-17.85135423
-20.21502556
-33.93987493
34.42674839
-0.267341556
-13.84482761
-7.272038781
-6.232832081
-23.87502586
-53.73512208
8.223294344
-15.20327456
-5.096009706
-39.10036853
-28.48695258
-1.234981556
-18.93053278
-9.829719731
-7.430277607
-23.06978036
-41.82242871
1.317892144
46.42706579
26.08536457
27.51958647
11.08596982
-8.313141756
-7.171476482
-23.53388568
-32.32431396
-1.967134006
-29.64691571
-7.436329131
24.92549272
-9.967087106
4.866526568
14.04499219
-4.396061157
-15.43434206
-34.56934833
-5.962322956
-6.395099682
-3.147478481
-35.27631641
-11.18219576
-5.136197431
-11.66650226
-2.681415206
-0.4073162064
14.08648069
-9.712939207
5.763749343
-21.19191308
-21.47139251
-1.575464257
-2.061411931
-4.409475106
-15.58567708
-7.319589781
5.311460593
-13.46536201
-12.81284638
-3.695259656
-20.76722373
3.395010968
0.03176726878
7.244529919
15.41455699
-10.04991313
1.696365044
-2.903935306
-13.32280371
-4.195260982
0.7660058687
-17.89985658
-29.76006461
10.56081942
-17.05530773
-6.306822231
-4.412609581
1.435296494
4.266309219
3.684287894
3.838102068
-10.91037051
12.34760814
-10.08478101
4.369770794
1.187182019
-3.705714657
4.568427594
0.2081795937
6.730195318
10.24547834
14.04625504
1.883857094
43.43262017
8.740164669
2.112422519
5.440163844
28.41206817
1.489116044
11.77863659
9.496428194
-1.914225407
-19.59799528
12.25427362
41.35436074
45.19562899
39.05788044
12.90647152
-1.534632406
3.952599869
15.79102059
5.977675344
13.27520852
-4.327668157
-8.421845807
2.662059644
-12.71848968
-10.22200573
31.37231314
-3.088125756
-6.621463256
-8.999798706
-2.514289206
-10.51369388
11.05400219
-8.414896231
9.623844719
20.36153127
13.88251359
26.97780114
-13.90366666
-2.102314956
-1.292251881
26.44885084
34.94592909
24.20235312
52.03637212
-3.361621675
-5.035033225
-3.410079525
-8.472955375
-3.304350175
-7.17456405
-3.248766
3.4628108
8.9742532
-7.630849575
-10.19674718
-13.47692098
-7.03965575
-16.02839073
-13.82785235
-12.04335955
-8.2354001
-6.497646025
-2.635630275
8.555708775
19.43233167
11.01314768
13.5810962
5.723705525
6.04108725
-1.371938225
-5.718415475
-2.193633
-9.5194481
-1.753551475
-7.99714645
-4.0379207
-7.680104525
-6.7621418
-6.69462255
-10.2274639
-3.8574856
-3.4360868
5.8136888
-10.90661975
-15.82991915
-15.97965788
-13.66446752
-10.38642077
-2.0760525
2.6813693
1.827138075
-7.098064125
-8.3115533
-11.3946805
4.405098
4.219195875
5.2203322
-0.0834401247
6.2949479
5.89883885
-7.245984825
-10.03941728
-15.81750925
-11.4540519
-4.27206325
-3.371137825
-10.90882862
-9.461811625
12.760258
5.6961358
12.42133885
17.13322253
7.772582025
20.5895493
20.86805835
17.6253364
21.21253477
14.74086428
13.10727097
13.09170017
4.598961475
-1.231018825
2.6640787
6.422501825
9.412051175
5.743635
4.50911945
-4.9525093
3.0402254
-1.167691375
3.39655175
-6.53647205
-3.203138725
-5.883885925
-5.676958075
-8.943279575
17.63424133
-4.9587714
-2.315036675
0.2214575001
-2.833351575
-0.9860415749
-7.2372067
-6.9993614
26.79535453
16.71596705
12.11702687
5.289333775
5.543225875
5.951157525
-4.43125985
2.84588215
-1.000486525
-0.3243534749
6.0536319
4.393183875
-0.6224739001
-3.011820675
1.102811
6.7928559
-4.784991075
-5.25236795
-12.59611455
-17.49943212
-17.65672868
-14.75723408
-7.6573388
3.015079075
5.023589325
0.2073986248
-1.643096
-4.519012975
-10.3836116
-7.7606422
-5.461249175
-2.265449475
-3.636569775
-1.421451125
-1.9877857
4.63142965
0.07042770018
1.908623975
2.844451375
10.8388327
1.6949694
2.2202075
-1.775704275
-5.8341505
-5.009880925
3.244866675
0.9714467498
0.3233847999
2.039213825
3.24531045
-1.137602325
-5.4649822
-9.2721958
-3.17803785
-3.654607925
4.74217665
9.17484965
5.84591645
3.150528425
6.54483515
-1.068639925
10.55321705
1.74567055
0.2201464251
0.793296775
9.74750865
11.01089143
3.0950654
-2.861859475
0.4533453247
-6.5760536
3.456568775
-1.906905175
-10.3885426
-5.7511124
-3.938027275
6.0410607
6.68361305
10.63371095
2.7553245
-6.57099375
1.711626125
9.90457125
-0.5565185003
-2.535218475
-2.142592275
1.663249225
16.82547367
9.156724375
16.08676355
6.711057925
