5.983151019
2.237927719
-33.59812511
-34.85245941
-30.11090931
14.62195349
-39.43396996
16.02685584
10.67689409
15.06432224
-17.85135423
-20.21502556
-33.93987493
34.42674839
-0.267341556
-13.84482761
-7.272038781
-6.232832081
-23.87502586
-53.73512208
8.223294344
-15.20327456
-5.096009706
-39.10036853
-28.48695258
-1.234981556
-18.93053278
-9.829719731
-7.430277607
-23.06978036
-41.82242871
1.317892144
46.42706579
26.08536457
27.51958647
11.08596982
-8.313141756
-7.171476482
-23.53388568
-32.32431396
-1.967134006
-29.64691571
-7.436329131
24.92549272
-9.967087106
4.866526568
14.04499219
-4.396061157
-15.43434206
-34.56934833
-5.962322956
-6.395099682
-3.147478481
-35.27631641
-11.18219576
-5.136197431
-11.66650226
-2.681415206
-0.4073162064
14.08648069
-9.712939207
5.763749343
-21.19191308
-21.47139251
-1.575464257
-2.061411931
-4.409475106
-15.58567708
-7.319589781
5.311460593
-13.46536201
-12.81284638
-3.695259656
-20.76722373
3.395010968
0.03176726878
7.244529919
15.41455699
-10.04991313
1.696365044
-2.903935306
-13.32280371
-4.195260982
0.7660058687
-17.89985658
-29.76006461
10.56081942
-17.05530773
-6.306822231
-4.412609581
1.435296494
4.266309219
3.684287894
3.838102068
-10.91037051
12.34760814
-10.08478101
4.369770794
1.187182019
-3.705714657
4.568427594
0.2081795937
6.730195318
10.24547834
14.04625504
1.883857094
43.43262017
8.740164669
2.112422519
5.440163844
28.41206817
1.489116044
11.77863659
9.496428194
-1.914225407
-19.59799528
12.25427362
41.35436074
45.19562899
39.05788044
12.90647152
-1.534632406
3.952599869
15.79102059
5.977675344
13.27520852
-4.327668157
-8.421845807
2.662059644
-12.71848968
-10.22200573
31.37231314
-3.088125756
-6.621463256
-8.999798706
-2.514289206
-10.51369388
11.05400219
-8.414896231
9.623844719
20.36153127
13.88251359
26.97780114
-13.90366666
-2.102314956
-1.292251881
26.44885084
34.94592909
24.20235312
52.03637212
15.48864199
24.26575924
26.18403302
17.22245179
35.20005757
11.29073254
20.12193184
27.06071184
34.67827157
52.09651159
2.356765619
39.62928114
8.129168243
-4.804073156
-0.3713597315
6.366338994
-15.71875388
-19.43271488
-17.90569498
-3.779374882
-14.65241573
18.67311589
17.40447442
-0.5781865563
-17.48437321
9.757753894
-16.92559591
16.35484837
13.05821937
-10.21578321
-1.266937131
22.16831229
-3.363810981
-4.762438906
-13.81734423
-11.04448068
-22.56985966
4.764888244
-4.576611706
-11.09694936
4.561033394
5.942371644
-13.55718221
3.570821744
-28.93732508
-7.423804006
-3.736384156
15.27539074
1.202610869
-17.81024911
