-8.142887144
-8.789575194
-6.097365019
-14.59146612
-13.41264552
-12.60439792
-0.6399601188
9.019077281
16.47527828
4.117395506
-1.602748844
-10.07098319
-6.230937019
-14.77819104
-16.99842569
-18.27399932
-11.49633562
-6.895398369
-8.959290969
-5.986694444
8.132170181
21.91353503
15.76215606
14.18903408
2.655744081
1.126051481
-3.130214794
-8.930339419
-6.628483944
-17.53259104
-12.71461962
-17.01314769
-13.15230227
-5.751353319
-5.751353319
-5.751353319
-5.751353319
-5.751353319
-17.55652582
-20.81494064
-17.37587354
-6.000145244
-4.911801069
1.443195506
-10.36067509
-8.761493669
-12.14043684
-13.08900097
-10.83868074
0.191760731
11.25311138
10.96081941
-1.866623794
-3.876588269
-10.93051834
15.16693131
9.024556106
11.78222993
8.389734756
10.64564873
10.41643703
-5.339785594
-9.249603144
-14.95080532
-14.39555337
-7.819170269
-5.655378644
-8.529261494
-6.072797619
0.3520385061
-9.395695069
5.348284906
16.77806541
10.33600708
25.33148976
21.48263836
14.88771403
16.56876768
9.165730831
5.465508806
1.837614006
-6.084201219
-5.237638419
5.289681006
10.39651918
14.22593338
7.145902956
5.019898606
-4.082215094
4.191364256
-0.9760091439
5.634836181
-1.137535494
0.1776954558
-1.280697369
2.920943206
-8.078237644
20.18012756
-5.348304369
-4.736800694
-4.361167694
-9.838613719
-4.519157869
-8.678104494
-12.49105032
35.68849393
28.96948136
18.93923406
5.322141456
-0.8843760688
-5.267304844
5.215479556
13.38773186
5.795599131
1.573876206
4.142805581
1.038046831
-3.059608144
-2.627116694
7.313706656
8.288036481
-0.2836308191
-3.741148894
-10.71288342
-17.15550347
-17.42644844
-12.63389904
-6.390061069
5.390248056
9.184505181
3.184027656
3.010632781
-1.207918019
-13.92175814
-14.81609379
-9.013379494
2.732206181
-0.6562453189
-2.322215994
-3.305567569
5.726845581
6.825616656
-0.6811644188
-0.7659223941
7.708158781
4.244210031
-0.2729372188
-4.474184494
-6.124230269
-3.294496169
-1.049973994
12.65802956
13.25930891
7.142767906
-1.884041819
3.897993106
4.883501356
0.2170850559
-7.084139919
-9.392072844
-10.57472259
-0.547741344
5.951402731
8.674470881
8.102905981
2.618616131
0.4744158558
15.35843543
5.722721806
4.546763031
7.587818356
16.30592191
16.18941941
9.974232106
-5.641423619
10.08699933
2.144928131
6.712952331
4.226759481
2.648800256
7.102311606
8.043316431
11.27161861
7.490019606
6.461560031
1.424549106
-9.957183394
-4.676137319
3.992383106
-13.20388477
-18.29629184
-15.50828369
-7.663607744
3.199736031
16.98481453
3.919851581
8.147186281
0.2221462062