0.230622149
-6.411255901
-4.050505726
-11.19269683
-8.898236226
-9.180178626
-0.578570826
10.61803657
11.44225757
-0.3159652012
-0.7977995512
-6.486783901
-0.9169877265
-8.574191751
-10.1716864
-13.21247003
-11.14024633
-8.374069076
-11.59279168
-2.574035151
10.45669947
19.54341432
15.04685535
17.43354337
6.990383374
4.711550774
-1.024815501
-7.366680126
0.8082353487
-8.387641751
-2.684440326
-10.2809884
-7.035592976
-8.860804026
-8.860804026
-8.860804026
-8.860804026
-8.860804026
-10.43230653
-11.81898135
-8.821714251
-0.8075859509
-2.487421776
3.930364799
-11.0438258
-15.87731438
-16.82915755
-16.46789168
-16.13321145
-7.638649976
-1.590689326
-2.718801301
-10.2090145
-10.28766898
-16.17126905
0.3290905987
-1.476384601
1.928169224
-0.9143859512
5.163798024
5.042226324
-12.1178563
-13.25996385
-14.92861603
-14.52516408
-8.159290976
-7.762369351
-12.9606022
-12.50113833
5.347237799
-1.392565776
3.797824199
9.203074699
0.2106363738
10.30839905
11.73738765
7.568793324
11.50012697
4.389260124
5.411058099
3.579463299
2.863208074
-1.420009126
5.758480299
7.729538474
8.344302674
2.885952249
1.190347899
-7.276005801
-1.368886451
-7.116709851
-3.203014526
-8.460246201
-4.661265251
-5.506538076
-6.851647501
-12.84046835
14.08509685
-9.230795076
-7.760361401
-3.536938401
-6.593454426
-3.683818576
-6.075165201
-6.296011026
24.78714322
14.73848065
8.489953349
-0.0962492511
0.1708232241
-0.892745551
5.259418849
16.28323115
11.25369842
12.5671655
17.16482487
13.15693612
7.699861149
5.462012599
10.95447595
13.05895577
2.563038474
1.464070399
-3.011204126
-10.14790418
-10.99734915
-7.738989751
-0.2291117759
11.77056735
17.59487447
13.59751695
5.755272074
8.063181274
-1.021738851
0.9636954989
3.022899799
8.139145474
5.898813974
8.444213299
8.407861724
13.91045487
7.934915949
7.673874874
8.823396899
17.21457807
12.12295932
11.57611207
8.254164799
4.654009024
1.754833124
2.148145299
9.744748849
11.0913582
11.2132772
-1.295542526
-3.955017601
-7.341449351
-11.26556565
-14.93155063
-10.90732355
-13.2368533
-4.177962051
2.295522024
2.342090174
3.536815274
4.961965424
-2.537374851
12.82380472
8.285141099
8.617192324
5.431507649
9.387971199
6.778118699
0.744781399
-3.189834326
1.059578624
-3.582252576
2.364881624
-5.353001226
-9.820370451
-4.738879101
-1.076894276
7.726237899
9.095158899
7.322799324
-3.008611601
-10.9973041
-3.555508026
4.796852399
-4.040605476
-4.716472551
-7.292304401
-4.383958451
-0.787904676
9.625183824
-1.307529126
7.340815574
-0.567624501
