-6.390347447
-8.351595498
-6.418875322
-13.53361642
-12.05472582
-10.91741822
0.1769595778
9.470036978
17.39931798
4.305225203
-0.9095391474
-8.629473497
-4.961177323
-13.25483135
-14.937566
-16.00302962
-8.867175923
-3.777488672
-4.577671272
-2.915944747
6.471229877
19.92297473
14.73393575
14.57075378
4.429813778
3.789401177
-0.07784509746
-5.477359722
-4.494974248
-15.01400135
-10.04975992
-12.709318
-7.927122572
-1.429653622
-1.429653622
-1.429653622
-1.429653622
-1.429653622
-13.97285612
-18.23837095
-15.83693385
-5.913025547
-4.020081372
2.618425203
-8.820485397
-8.352113973
-12.73057715
-14.42458127
-12.37558105
-2.392899572
9.425671078
9.093449103
-3.972224098
-4.783388572
-9.635838647
16.376731
9.934245803
11.46804963
6.977264453
9.237428428
9.427176728
-4.324085897
-8.227083448
-14.23277562
-13.28069367
-6.602050572
-2.961558947
-5.473511798
-3.680047923
0.03220820276
-10.51393537
4.434374603
15.7882451
8.891616778
22.75074945
17.72428805
11.92874373
13.97391738
8.597920528
4.476758503
1.310693703
-5.452651523
-3.698228723
6.160720703
10.44635888
13.97781308
7.123072652
5.741648302
-2.496465397
6.865853952
2.234200553
8.689205878
1.309244203
2.051625152
0.1442223276
5.139682903
-4.422887947
18.83338725
-1.326734672
-1.661220997
-2.736917997
-9.182184023
-3.803988172
-8.751814797
-12.83958062
33.58207363
26.80671105
17.40917375
4.492691153
-1.465166372
-6.453755147
2.724299253
11.22072155
3.275738827
-1.085274097
0.8139652778
-0.8875934724
-4.219638447
-3.666926997
5.208236353
6.801076178
-3.110331122
-4.678979197
-11.10830372
-16.51116377
-16.94505875
-13.94197935
-8.711841372
3.029437753
6.311004878
-0.194342647
0.1609124775
-5.137468322
-17.17276845
-17.8156341
-12.6357498
-0.8853741222
-3.780585622
-4.645886297
-5.443667872
4.203645277
4.146456353
-0.7888547221
-0.7912826975
7.245858478
2.964419728
-1.535037522
-6.125974797
-8.227240573
-4.116516472
-1.192934297
12.57487925
13.3141986
5.772707603
-5.438122122
5.017682803
6.822751053
3.241624753
-3.370960222
-6.484523147
-8.960712897
-0.2563316473
4.978182428
8.326530578
7.500675678
-0.727124172
0.4088855525
13.01652513
5.042941503
4.822172728
9.130848053
17.2548716
16.9812791
10.2302118
-8.362623922
9.814119028
1.270647828
5.244422028
1.545509178
-0.5887500473
4.294971303
5.755286128
8.997368303
5.057409303
6.307979727
3.719288802
-8.078283697
-3.952357622
3.451332803
-15.16970507
-19.98362215
-16.073934
-7.755098047
1.849155728
15.99637423
3.668201278
8.191415977
0.5624659029
