12.6720535
12.02536545
14.71757563
6.223474525
7.402295125
8.210542725
20.17498053
29.83401793
37.29021892
24.93233615
19.2121918
10.74395745
14.58400362
6.0367496
3.81651495
2.540941325
9.318605025
13.91954228
11.85564968
14.8282462
28.94711082
42.72847568
36.5770967
35.00397472
23.47068473
21.94099212
17.68472585
11.88460123
14.1864567
3.2823496
8.100321025
3.80179295
7.662638375
15.06358732
15.06358732
15.06358732
15.06358732
15.06358732
3.258414825
0
3.4390671
14.8147954
15.90313957
22.25813615
10.45426555
12.05344697
8.6745038
7.725939675
9.9762599
21.00670138
32.06805202
31.77576005
18.94831685
16.93835238
9.8844223
35.98187195
29.83949675
32.59717057
29.2046754
31.46058938
31.23137767
15.47515505
11.5653375
5.864135325
6.419387275
12.99577038
15.159562
12.28567915
14.74214302
21.16697915
11.41924557
26.16322555
37.59300605
31.15094772
46.1464304
42.297579
35.70265467
37.38370833
29.98067148
26.28044945
22.65255465
14.73073942
15.57730222
26.10462165
31.21145982
35.04087402
27.9608436
25.83483925
16.73272555
25.0063049
19.8389315
26.44977682
19.67740515
20.9926361
19.53424327
23.73588385
12.736703
40.9950682
15.46663627
16.07813995
16.45377295
10.97632692
16.29578278
12.13683615
8.323890325
56.50343457
49.784422
39.7541747
26.1370821
19.93056458
15.5476358
26.0304202
34.2026725
26.61053977
22.38881685
24.95774623
21.85298747
17.7553325
18.18782395
28.1286473
29.10297713
20.53130982
17.07379175
10.10205722
3.659437175
3.3884922
8.1810416
14.42487958
26.2051887
29.99944582
23.9989683
23.82557342
19.60702263
6.8931825
5.99884685
11.80156115
23.54714683
20.15869533
18.49272465
17.50937308
26.54178622
27.6405573
20.13377623
20.04901825
28.52309942
25.05915068
20.54200343
16.34075615
14.69071037
17.52044447
19.76496665
33.4729702
34.07424955
27.95770855
18.93089883
24.71293375
25.698442
21.0320257
13.73080073
11.4228678
10.24021805
20.2671993
26.76634338
29.48941152
28.91784663
23.43355678
21.2893565
36.17337608
26.53766245
25.36170368
28.402759
37.12086255
37.00436005
30.78917275
15.17351703
30.90193998
22.95986877
27.52789297
25.04170012
23.4637409
27.91725225
28.85825708
32.08655925
28.30496025
27.27650067
22.23948975
10.85775725
16.13880332
24.80732375
7.611055875
2.5186488
5.30665695
13.1513329
24.01467668
37.79975518
24.73479223
28.96212692
21.03708685
