54.927030	
55.409600	
52.786290	
49.891530	
47.378360	
45.303970	
44.101970	
43.485680	
39.669290	
46.545800	
47.386360	
47.960050	
47.661530	
46.980900	
46.041320	
46.525760	
45.655880	
45.518890	
46.402270	
66.091710	
42.790000	
43.060220	
40.825980	
39.162900	
39.937570	
40.517630	
42.342410	
64.220470	
40.732720	
42.714640	
40.075870	
39.285940	
38.868420	
42.937500	
42.937500	
42.937500	
42.937500	
42.937500	
66.361700	
65.662550	
66.102450	
65.128350	
64.037740	
58.197800	
27.252610	
47.302780	
51.844190	
53.632410	
54.851600	
50.985560	
46.508720	
44.941110	
45.791680	
44.579180	
24.479090	
41.603680	
40.212030	
34.196390	
31.149070	
29.555300	
30.322490	
25.860120	
27.965860	
30.913370	
34.314050	
41.162420	
42.374070	
45.010080	
44.764310	
31.480290	
45.778160	
40.255930	
40.839530	
43.203530	
44.596560	
46.232960	
50.709670	
45.301530	
48.401080	
32.994010	
42.458570	
41.710130	
40.908680	
42.306400	
37.061420	
36.611950	
36.202910	
36.355790	
36.663190	
35.493590	
34.319970	
33.588740	
33.200430	
32.761540	
31.898130	
31.762850	
29.805170	
37.322230	
25.986620	
24.693130	
21.483060	
22.221900	
22.689010	
27.678680	
26.869810	
37.505610	
39.270890	
41.212770	
43.147920	
40.021620	
44.952960	
39.930120	
35.530360	
42.454500	
40.865490	
42.873040	
46.498300	
46.195610	
42.892460	
39.923020	
33.166490	
43.018450	
33.440800	
32.769980	
34.885390	
36.432810	
38.462510	
39.384640	
39.149500	
36.659440	
34.685290	
42.129500	
31.861200	
30.917460	
32.091760	
33.808150	
35.371720	
36.026690	
35.844800	
39.520600	
37.614150	
40.498530	
34.671310	
32.423020	
37.551160	
44.679810	
42.346080	
43.134760	
43.124900	
36.603070	
34.859100	
34.014640	
31.372410	
33.356200	
48.077950	
41.098370	
41.175170	
42.708280	
43.182230	
43.379740	
44.536520	
42.633650	
43.385670	
39.413140	
38.523250	
48.018410	
40.223880	
37.415790	
35.657290	
30.845930	
29.253550	
28.126050	
27.97379	
27.28766	
42.79516	
30.34911	
32.67189	
37.49313	
39.46482	
43.43583	
42.5307	
41.55612	
38.29697	
41.83853	
43.34457	
57.49732	
58.28569	
62.04528	
58.16384	
57.96069	
53.61769	
46.93553	
44.75034	
42.38333	
46.4396	
47.32853	
48.41924	
44.11921	
